1 1 1.0
2 1 0.0
4 1 1.0
8 1 1.0
16 1 1.0
32 1 1.0
64 1 1.0
128 1 1.0
256 1 1.0
1 2 1.0
2 2 2.0
4 2 2.0
8 2 2.0
16 2 2.0
32 2 2.0
64 2 1.0
128 2 2.0
256 2 1.0
1 4 1.0
2 4 1.0
4 4 3.0
8 4 4.0
16 4 4.0
32 4 3.0
64 4 3.0
128 4 3.0
256 4 3.0
1 8 1.0
2 8 2.0
4 8 4.0
8 8 7.0
16 8 8.0
32 8 8.0
64 8 7.0
128 8 7.0
256 8 8.0
1 16 1.0
2 16 2.0
4 16 3.0
8 16 7.0
16 16 14.0
32 16 12.0
64 16 15.0
128 16 14.0
256 16 14.0
1 32 1.0
2 32 2.0
4 32 3.0
8 32 8.0
16 32 15.0
32 32 15.0
64 32 16.0
128 32 17.0
256 32 20.0
1 64 1.0
2 64 2.0
4 64 3.0
8 64 7.0
16 64 14.0
32 64 15.0
64 64 16.0
128 64 17.0
256 64 17.0
