1 1 0.99
2 1 0.98
4 1 0.99
8 1 0.98
16 1 1.00
32 1 0.98
64 1 0.96
128 1 0.95
256 1 1.01
1 2 1.00
2 2 1.91
4 2 1.95
8 2 1.90
16 2 1.89
32 2 1.85
64 2 1.90
128 2 1.76
256 2 1.93
1 4 0.99
2 4 1.91
4 4 3.51
8 4 3.55
16 4 3.48
32 4 3.40
64 4 3.37
128 4 3.77
256 4 3.57
1 8 0.97
2 8 1.91
4 8 3.50
8 8 6.44
16 8 5.53
32 8 6.44
64 8 6.28
128 8 6.85
256 8 6.33
1 16 1.00
2 16 1.90
4 16 3.47
8 16 6.55
16 16 7.09
32 16 7.60
64 16 9.18
128 16 9.37
256 16 9.83
1 32 0.99
2 32 1.93
4 32 3.52
8 32 7.20
16 32 7.34
32 32 12.07
64 32 12.71
128 32 13.50
256 32 15.88
1 64 1.01
2 64 1.94
4 64 3.50
8 64 6.06
16 64 7.07
32 64 11.76
64 64 13.30
128 64 15.50
256 64 16.75
